Code département,département,circonscription,Inscrits,Votants,Exprimés,Blancs et nuls,Emmanuel MACRON (EM),Marine LE PEN (FN)
1,Ain,1,82652,64664,56876,7788,34232,22644
1,Ain,2,93364,73608,65332,8276,39188,26144
1,Ain,3,75433,57674,51342,6332,35769,15573
1,Ain,4,89280,70567,62289,8278,36102,26187
1,Ain,5,75221,56307,49391,6916,28518,20873
2,Aisne,1,72295,55441,48909,6532,23492,25417
2,Aisne,2,73948,55842,49789,6053,25434,24355
2,Aisne,3,68127,52549,46899,5650,18835,28064
2,Aisne,4,79187,57963,51670,6293,24588,27082
2,Aisne,5,82234,63251,55874,7377,26853,29021
3,Allier,1,89714,69875,60134,9741,38345,21789
3,Allier,2,84622,63205,53571,9634,34520,19051
3,Allier,3,79143,61105,53081,8024,33714,19367
4,Alpes-de-Haute-Provence,1,61143,47517,41001,6516,23184,17817
4,Alpes-de-Haute-Provence,2,65316,49687,42810,6877,25810,17000
5,Hautes-Alpes,1,57730,44664,38843,5821,24502,14341
5,Hautes-Alpes,2,52162,40333,34785,5548,22709,12076
6,Alpes-Maritimes,1,80477,57378,51734,5644,32051,19683
6,Alpes-Maritimes,2,85675,64848,57557,7291,30248,27309
6,Alpes-Maritimes,3,89107,64006,57665,6341,33634,24031
6,Alpes-Maritimes,4,85760,64172,56942,7230,27438,29504
6,Alpes-Maritimes,5,87933,65332,58113,7219,30432,27681
6,Alpes-Maritimes,6,78083,58834,52397,6437,27009,25388
6,Alpes-Maritimes,7,92849,70020,62579,7441,38519,24060
6,Alpes-Maritimes,8,82004,59328,52921,6407,29384,23537
6,Alpes-Maritimes,9,79892,59231,53043,6188,29692,23351
7,Ardèche,1,77887,60562,51861,8701,31175,20686
7,Ardèche,2,93025,73823,64505,9318,40894,23611
7,Ardèche,3,78304,60344,51342,9002,32530,18812
8,Ardennes,1,73326,55550,48854,6696,24976,23878
8,Ardennes,2,63871,45632,40176,5456,20535,19641
8,Ardennes,3,57152,43281,37965,5316,18913,19052
9,Ariège,1,56738,43734,36564,7170,23960,12604
9,Ariège,2,60668,46974,39493,7481,24023,15470
10,Aube,1,64350,50658,44787,5871,22501,22286
10,Aube,2,73832,57543,50994,6549,28113,22881
10,Aube,3,65618,49929,44209,5720,25196,19013
11,Aude,1,95088,74304,64541,9763,35350,29191
11,Aude,2,88876,66528,57726,8802,30671,27055
11,Aude,3,88679,69981,60086,9895,34880,25206
12,Aveyron,1,76420,61512,53667,7845,40221,13446
12,Aveyron,2,69911,55212,47275,7937,34748,12527
12,Aveyron,3,71766,57522,49236,8286,34371,14865
13,Bouches-du-Rhône,1,78349,56322,50666,5656,28095,22571
13,Bouches-du-Rhône,2,78721,57477,52015,5462,36426,15589
13,Bouches-du-Rhône,3,73445,50886,46360,4526,26167,20193
13,Bouches-du-Rhône,4,59630,39027,35693,3334,28071,7622
13,Bouches-du-Rhône,5,69007,49043,44209,4834,30393,13816
13,Bouches-du-Rhône,6,75597,53440,48423,5017,29343,19080
13,Bouches-du-Rhône,7,65358,40542,37700,2842,24473,13227
13,Bouches-du-Rhône,8,99982,76160,67189,8971,35800,31389
13,Bouches-du-Rhône,9,96958,72414,63751,8663,34736,29015
13,Bouches-du-Rhône,10,106021,81733,72380,9353,38120,34260
13,Bouches-du-Rhône,11,89232,66879,59912,6967,37873,22039
13,Bouches-du-Rhône,12,92152,69053,61888,7165,28146,33742
13,Bouches-du-Rhône,13,93716,68853,59436,9417,29237,30199
13,Bouches-du-Rhône,14,96560,74039,66142,7897,44903,21239
13,Bouches-du-Rhône,15,104757,81889,71964,9925,37100,34864
13,Bouches-du-Rhône,16,90572,68280,60063,8217,30452,29611
14,Calvados,1,70080,54991,49124,5867,38863,10261
14,Calvados,2,67570,51390,45818,5572,33475,12343
14,Calvados,3,78940,60935,53884,7051,31081,22803
14,Calvados,4,101046,78123,68921,9202,44964,23957
14,Calvados,5,89925,71317,63400,7917,42275,21125
14,Calvados,6,93501,74606,65470,9136,41957,23513
15,Cantal,1,63001,49909,43107,6802,30959,12148
15,Cantal,2,54393,42206,36242,5964,24452,11790
16,Charente,1,84961,63007,55239,7768,39610,15629
16,Charente,2,84021,64936,56838,8098,35782,21056
16,Charente,3,90969,71468,61539,9929,38308,23231
17,Charente-Maritime,1,103267,78229,69208,9021,53736,15472
17,Charente-Maritime,2,104354,80865,70553,10312,46790,23763
17,Charente-Maritime,3,82243,63308,55155,8153,34737,20418
17,Charente-Maritime,4,89928,70068,61395,8673,35716,25679
17,Charente-Maritime,5,111506,87004,76008,10996,44486,31522
18,Cher,1,72592,54325,47196,7129,30384,16812
18,Cher,2,70174,51108,43938,7170,26968,16970
18,Cher,3,86218,65530,56600,8930,33024,23576
19,Corrèze,1,92667,74382,62037,12345,44331,17706
19,Corrèze,2,92578,72703,61947,10756,43698,18249
21,Côte-d'Or,1,68418,53927,47719,6208,36092,11627
21,Côte-d'Or,2,68719,53589,47064,6525,30926,16138
21,Côte-d'Or,3,70382,55112,48715,6397,31786,16929
21,Côte-d'Or,4,68736,54446,47134,7312,26744,20390
21,Côte-d'Or,5,84391,66317,58134,8183,34097,24037
22,Côtes-d'Armor,1,89781,71180,63002,8178,48937,14065
22,Côtes-d'Armor,2,96788,79156,69503,9653,49661,19842
22,Côtes-d'Armor,3,86711,71338,62850,8488,44369,18481
22,Côtes-d'Armor,4,78642,63292,54466,8826,38869,15597
22,Côtes-d'Armor,5,103918,83204,72686,10518,55117,17569
23,Creuse,1,93122,71384,59667,11717,39239,20428
24,Dordogne,1,76193,59217,50229,8988,32899,17330
24,Dordogne,2,82427,64433,55578,8855,33949,21629
24,Dordogne,3,67480,54338,45796,8542,28737,17059
24,Dordogne,4,87801,70156,59265,10891,39948,19317
25,Doubs,1,75230,57285,50586,6699,34951,15635
25,Doubs,2,78332,60618,53078,7540,37626,15452
25,Doubs,3,65880,50491,43964,6527,25237,18727
25,Doubs,4,66899,50096,43881,6215,23743,20138
25,Doubs,5,81973,65200,56730,8470,36747,19983
26,Drôme,1,75253,56921,50627,6294,34815,15812
26,Drôme,2,93294,71550,62923,8627,36186,26737
26,Drôme,3,106730,85237,73643,11594,48204,25439
26,Drôme,4,94185,73645,65111,8534,38787,26324
27,Eure,1,86371,65974,58559,7415,31949,26610
27,Eure,2,78439,61334,54238,7096,30196,24042
27,Eure,3,84423,66478,58770,7708,30460,28310
27,Eure,4,89881,68591,60486,8105,33966,26520
27,Eure,5,88408,67849,60222,7627,32287,27935
28,Eure-et-Loir,1,89165,68630,60677,7953,40689,19988
28,Eure-et-Loir,2,74284,54528,48461,6067,28566,19895
28,Eure-et-Loir,3,70795,54211,47726,6485,28271,19455
28,Eure-et-Loir,4,67211,52870,46252,6618,24894,21358
29,Finistère,1,88744,71965,64051,7914,51507,12544
29,Finistère,2,78508,57660,51020,6640,40570,10450
29,Finistère,3,89482,70918,62584,8334,47718,14866
29,Finistère,4,82180,65696,57669,8027,45314,12355
29,Finistère,5,94387,76146,67509,8637,52684,14825
29,Finistère,6,89273,71060,61987,9073,46434,15553
29,Finistère,7,80496,63963,55993,7970,43603,12390
29,Finistère,8,87369,68493,59409,9084,43502,15907
30,Gard,1,86919,63418,56519,6899,32088,24431
30,Gard,2,89044,69050,60524,8526,29692,30832
30,Gard,3,93641,72773,63943,8830,35023,28920
30,Gard,4,91123,69466,60105,9361,31607,28498
30,Gard,5,95928,72838,62339,10499,35953,26386
30,Gard,6,81185,59870,52684,7186,30626,22058
31,Haute-Garonne,1,83663,59565,53090,6475,42735,10355
31,Haute-Garonne,2,101383,74449,65832,8617,49853,15979
31,Haute-Garonne,3,79443,59406,52769,6637,42612,10157
31,Haute-Garonne,4,71192,47711,42360,5351,35448,6912
31,Haute-Garonne,5,98458,77456,67590,9866,43263,24327
31,Haute-Garonne,6,111627,87990,77612,10378,56089,21523
31,Haute-Garonne,7,99776,77543,67838,9705,42953,24885
31,Haute-Garonne,8,85512,65617,56045,9572,34367,21678
31,Haute-Garonne,9,80376,58012,51345,6667,38684,12661
31,Haute-Garonne,10,95402,78536,68779,9757,50661,18118
32,Gers,1,73502,59495,51058,8437,35219,15839
32,Gers,2,71448,57820,49937,7883,32352,17585
33,Gironde,1,95070,71094,64074,7020,52896,11178
33,Gironde,2,65986,48350,43828,4522,38590,5238
33,Gironde,3,80975,59071,52381,6690,42327,10054
33,Gironde,4,93581,68439,60132,8307,41316,18816
33,Gironde,5,110540,86391,76186,10205,47028,29158
33,Gironde,6,103637,80912,71707,9205,55165,16542
33,Gironde,7,76980,59919,53032,6887,42456,10576
33,Gironde,8,109110,84567,73854,10713,49163,24691
33,Gironde,9,93585,74613,64633,9980,42643,21990
33,Gironde,10,80801,62914,54940,7974,33189,21751
33,Gironde,11,92955,71791,63097,8694,33101,29996
33,Gironde,12,83345,66679,57888,8791,37617,20271
34,Hérault,1,84608,62701,55314,7387,35528,19786
34,Hérault,2,60414,41136,36987,4149,29990,6997
34,Hérault,3,85058,66181,58169,8012,39681,18488
34,Hérault,4,111937,87495,75871,11624,45187,30684
34,Hérault,5,94270,72571,61862,10709,32313,29549
34,Hérault,6,91222,67558,59328,8230,28726,30602
34,Hérault,7,102076,77392,67568,9824,33607,33961
34,Hérault,8,88579,66106,58009,8097,34402,23607
34,Hérault,9,82100,61495,54458,7037,32985,21473
35,Ille-et-Vilaine,1,89581,69019,62132,6887,52529,9603
35,Ille-et-Vilaine,2,92186,74869,67629,7240,57468,10161
35,Ille-et-Vilaine,3,86065,69347,61835,7512,46389,15446
35,Ille-et-Vilaine,4,90195,72225,64066,8159,45130,18936
35,Ille-et-Vilaine,5,103140,83473,74474,8999,56724,17750
35,Ille-et-Vilaine,6,86855,70353,62325,8028,43953,18372
35,Ille-et-Vilaine,7,98646,77409,68391,9018,50244,18147
35,Ille-et-Vilaine,8,83387,64492,58437,6055,50910,7527
36,Indre,1,80306,59905,51243,8662,32191,19052
36,Indre,2,90099,70589,60557,10032,35982,24575
37,Indre-et-Loire,1,68639,48785,43525,5260,35096,8429
37,Indre-et-Loire,2,88621,69971,61172,8799,40276,20896
37,Indre-et-Loire,3,97499,76360,67122,9238,45992,21130
37,Indre-et-Loire,4,90159,69982,61333,8649,41526,19807
37,Indre-et-Loire,5,83922,65230,57497,7733,38321,19176
38,Isère,1,83117,64079,58324,5755,48766,9558
38,Isère,2,77368,57160,51055,6105,36215,14840
38,Isère,3,59733,42880,38814,4066,29582,9232
38,Isère,4,89753,69184,61217,7967,41617,19600
38,Isère,5,102249,79604,70813,8791,49227,21586
38,Isère,6,83209,63502,56700,6802,30477,26223
38,Isère,7,91392,71603,63043,8560,35007,28036
38,Isère,8,78587,60191,53282,6909,32001,21281
38,Isère,9,97235,74692,65991,8701,43973,22018
38,Isère,10,93687,70792,63055,7737,36332,26723
39,Jura,1,65566,51429,44474,6955,27979,16495
39,Jura,2,55251,43114,37259,5855,23461,13798
39,Jura,3,69499,54711,47423,7288,27828,19595
40,Landes,1,101389,80095,69153,10942,46038,23115
40,Landes,2,112217,88328,76276,12052,54472,21804
40,Landes,3,96516,78886,67851,11035,46109,21742
41,Loir-et-Cher,1,82777,62677,55094,7583,36315,18779
41,Loir-et-Cher,2,80310,62727,54774,7953,30626,24148
41,Loir-et-Cher,3,82207,65323,56817,8506,33848,22969
42,Loire,1,65597,47582,42557,5025,29846,12711
42,Loire,2,53158,37475,33552,3923,24963,8589
42,Loire,3,82417,61295,54270,7025,34298,19972
42,Loire,4,100984,77577,68499,9078,41272,27227
42,Loire,5,101203,79556,69549,10007,42983,26566
42,Loire,6,107544,84056,73890,10166,45241,28649
43,Haute-Loire,1,97714,77341,67180,10161,41411,25769
43,Haute-Loire,2,79402,62134,53165,8969,34822,18343
44,Loire-Atlantique,1,74869,57272,51591,5681,44234,7357
44,Loire-Atlantique,2,85774,65086,58511,6575,51204,7307
44,Loire-Atlantique,3,92164,69388,61382,8006,49684,11698
44,Loire-Atlantique,4,88908,68776,61129,7647,50022,11107
44,Loire-Atlantique,5,116178,93258,83103,10155,66883,16220
44,Loire-Atlantique,6,109490,86953,76251,10702,52450,23801
44,Loire-Atlantique,7,108183,85787,71658,14129,51475,20183
44,Loire-Atlantique,8,85490,64269,51742,12527,37560,14182
44,Loire-Atlantique,9,117825,93951,82066,11885,56968,25098
44,Loire-Atlantique,10,114532,93933,83120,10813,64720,18400
45,Loiret,1,75639,58784,52215,6569,38954,13261
45,Loiret,2,85243,64605,57286,7319,38409,18877
45,Loiret,3,70847,55846,49096,6750,28329,20767
45,Loiret,4,74609,56398,49735,6663,26729,23006
45,Loiret,5,74498,57127,50313,6814,28347,21966
45,Loiret,6,71785,56218,50094,6124,34236,15858
46,Lot,1,70827,56132,47963,8169,33897,14066
46,Lot,2,65438,52836,44776,8060,33040,11736
47,Lot-et-Garonne,1,88181,68784,59822,8962,36896,22926
47,Lot-et-Garonne,2,77015,60612,52590,8022,30015,22575
47,Lot-et-Garonne,3,75686,59223,51399,7824,30507,20892
48,Lozère,1,59496,47612,40269,7343,26994,13275
49,Maine-et-Loire,1,83944,64649,57503,7146,44673,12830
49,Maine-et-Loire,2,90303,70705,62455,8250,48383,14072
49,Maine-et-Loire,3,70366,55182,48568,6614,29440,19128
49,Maine-et-Loire,4,74244,58966,52126,6840,34064,18062
49,Maine-et-Loire,5,77303,60309,53770,6539,41534,12236
49,Maine-et-Loire,6,95341,75914,67127,8787,49810,17317
49,Maine-et-Loire,7,77734,61942,55049,6893,40913,14136
50,Manche,1,87009,68388,61141,7247,40520,20621
50,Manche,2,95550,75602,67120,8482,46308,20812
50,Manche,3,107842,85201,75526,9675,49081,26445
50,Manche,4,88637,67044,59003,8041,40755,18248
51,Marne,1,72055,52744,47293,5451,29993,17300
51,Marne,2,73074,53983,48184,5799,31105,17079
51,Marne,3,80706,60230,53117,7113,28701,24416
51,Marne,4,78826,59044,52265,6779,29899,22366
51,Marne,5,76996,60506,53208,7298,25142,28066
52,Haute-Marne,1,72444,55502,48382,7120,27101,21281
52,Haute-Marne,2,61675,46536,41141,5395,18091,23050
53,Mayenne,1,72665,57039,50588,6451,37256,13332
53,Mayenne,2,77768,61984,54939,7045,39998,14941
53,Mayenne,3,71905,57080,50246,6834,34938,15308
54,Meurthe-et-Moselle,1,79284,59644,53405,6239,38732,14673
54,Meurthe-et-Moselle,2,68595,51371,46144,5227,35106,11038
54,Meurthe-et-Moselle,3,82812,57956,50963,6993,30505,20458
54,Meurthe-et-Moselle,4,98005,75253,66266,8987,34754,31512
54,Meurthe-et-Moselle,5,78706,61470,54270,7200,28923,25347
54,Meurthe-et-Moselle,6,87684,64533,56604,7929,30730,25874
55,Meuse,1,77321,60248,53062,7186,27323,25739
55,Meuse,2,60231,45826,40508,5318,20980,19528
56,Morbihan,1,105376,84661,75556,9105,58653,16903
56,Morbihan,2,104308,83655,72917,10738,52596,20321
56,Morbihan,3,90736,73856,65047,8809,43798,21249
56,Morbihan,4,105110,84776,74938,9838,49957,24981
56,Morbihan,5,80714,60855,53569,7286,40903,12666
56,Morbihan,6,90655,71867,62643,9224,43687,18956
57,Moselle,1,91406,66324,59296,7028,36481,22815
57,Moselle,2,76513,56332,50321,6011,32370,17951
57,Moselle,3,75320,54622,48878,5744,32267,16611
57,Moselle,4,81513,63288,56198,7090,27659,28539
57,Moselle,5,74000,55637,49639,5998,25348,24291
57,Moselle,6,70175,48498,43710,4788,22449,21261
57,Moselle,7,90386,67091,59681,7410,29707,29974
57,Moselle,8,92456,63447,56342,7105,32911,23431
57,Moselle,9,99477,74275,66249,8026,43525,22724
58,Nièvre,1,76906,56889,49098,7791,30199,18899
58,Nièvre,2,82476,64323,55570,8753,32523,23047
59,Nord,1,61686,42673,38654,4019,29503,9151
59,Nord,2,86560,62548,56295,6253,40904,15391
59,Nord,3,94024,66644,59436,7208,27452,31984
59,Nord,4,99217,74216,66882,7334,48012,18870
59,Nord,5,99813,76981,68157,8824,39439,28718
59,Nord,6,89078,71287,63346,7941,41018,22328
59,Nord,7,72370,52800,47413,5387,32665,14748
59,Nord,8,67707,43706,39790,3916,25377,14413
59,Nord,9,91896,65478,59289,6189,45608,13681
59,Nord,10,81911,56170,50342,5828,30033,20309
59,Nord,11,92112,66243,59271,6972,38775,20496
59,Nord,12,93609,69589,61415,8174,27234,34181
59,Nord,13,89208,64385,56392,7993,28207,28185
59,Nord,14,98787,77718,68536,9182,34235,34301
59,Nord,15,95813,75694,66547,9147,35668,30879
59,Nord,16,82981,60244,53113,7131,23101,30012
59,Nord,17,73594,53900,47700,6200,23963,23737
59,Nord,18,91656,67987,60144,7843,26954,33190
59,Nord,19,79055,57506,51035,6471,21266,29769
59,Nord,20,81036,56946,51011,5935,22433,28578
59,Nord,21,82291,58756,52472,6284,27959,24513
60,Oise,1,82918,64122,57055,7067,27937,29118
60,Oise,2,88714,69206,61544,7662,29483,32061
60,Oise,3,73832,54305,48234,6071,27111,21123
60,Oise,4,92462,70508,62664,7844,37466,25198
60,Oise,5,72737,55216,49109,6107,26902,22207
60,Oise,6,75198,57535,50894,6641,27036,23858
60,Oise,7,76089,57359,50558,6801,26574,23984
61,Orne,1,69530,54540,48128,6412,31515,16613
61,Orne,2,67535,52618,46333,6285,25886,20447
61,Orne,3,71626,55956,49093,6863,31083,18010
62,Pas-de-Calais,1,104355,84223,74473,9750,34442,40031
62,Pas-de-Calais,2,85258,66323,58534,7789,36118,22416
62,Pas-de-Calais,3,85586,60301,53751,6550,22225,31526
62,Pas-de-Calais,4,88511,70280,62673,7607,35822,26851
62,Pas-de-Calais,5,89807,66752,59429,7323,32010,27419
62,Pas-de-Calais,6,91182,74589,66110,8479,31795,34315
62,Pas-de-Calais,7,93190,68526,60851,7675,27281,33570
62,Pas-de-Calais,8,92979,71418,63404,8014,31279,32125
62,Pas-de-Calais,9,79204,61164,53976,7188,27812,26164
62,Pas-de-Calais,10,90260,66026,58459,7567,23509,34950
62,Pas-de-Calais,11,94865,68497,61173,7324,25588,35585
62,Pas-de-Calais,12,95244,70123,62507,7616,24677,37830
63,Puy-de-Dôme,1,83419,61161,53910,7251,40972,12938
63,Puy-de-Dôme,2,87831,69403,59189,10214,40066,19123
63,Puy-de-Dôme,3,89016,69044,60262,8782,47101,13161
63,Puy-de-Dôme,4,98583,76827,66054,10773,47336,18718
63,Puy-de-Dôme,5,102070,79450,68177,11273,43962,24215
64,Pyrénées-Atlantiques,1,68723,53236,46596,6640,35483,11113
64,Pyrénées-Atlantiques,2,80017,64304,56127,8177,41558,14569
64,Pyrénées-Atlantiques,3,82767,65474,56119,9355,39837,16282
64,Pyrénées-Atlantiques,4,80199,63176,53545,9631,39858,13687
64,Pyrénées-Atlantiques,5,90980,69977,61015,8962,46228,14787
64,Pyrénées-Atlantiques,6,99637,75823,65592,10231,50653,14939
65,Hautes-Pyrénées,1,88361,67606,57720,9886,40220,17500
65,Hautes-Pyrénées,2,89317,69410,59299,10111,39574,19725
66,Pyrénées-Orientales,1,70968,51725,45355,6370,25527,19828
66,Pyrénées-Orientales,2,96668,73528,64268,9260,30686,33582
66,Pyrénées-Orientales,3,83054,61865,51014,10851,28433,22581
66,Pyrénées-Orientales,4,97174,74035,63881,10154,33998,29883
67,Bas-Rhin,1,60952,45357,41912,3445,35354,6558
67,Bas-Rhin,2,69507,50855,46350,4505,35465,10885
67,Bas-Rhin,3,68842,49909,45322,4587,33667,11655
67,Bas-Rhin,4,94596,73292,66097,7195,44614,21483
67,Bas-Rhin,5,104157,80009,71135,8874,40913,30222
67,Bas-Rhin,6,96014,74029,65861,8168,38165,27696
67,Bas-Rhin,7,85374,66382,59046,7336,31547,27499
67,Bas-Rhin,8,94571,73053,65562,7491,34449,31113
67,Bas-Rhin,9,92637,70515,63444,7071,36767,26677
68,Haut-Rhin,1,76091,57175,51011,6164,30747,20264
68,Haut-Rhin,2,92199,71604,63179,8425,37115,26064
68,Haut-Rhin,3,85570,66147,57902,8245,32654,25248
68,Haut-Rhin,4,102541,78690,69386,9304,35221,34165
68,Haut-Rhin,5,77397,55760,49437,6323,33241,16196
68,Haut-Rhin,6,92363,67985,60283,7702,34621,25662
69,Rhône,1,69437,51854,47117,4737,38308,8809
69,Rhône,2,74943,57262,52077,5185,45039,7038
69,Rhône,3,72005,54582,49725,4857,41914,7811
69,Rhône,4,80095,61257,55592,5665,46747,8845
69,Rhône,5,88103,66734,60065,6669,45868,14197
69,Rhône,6,82376,57808,52487,5321,41729,10758
69,Rhône,7,67957,45759,41465,4294,30414,11051
69,Rhône,8,102499,79409,70209,9200,46956,23253
69,Rhône,9,91667,70723,62717,8006,39062,23655
69,Rhône,10,95159,75339,67426,7913,47496,19930
69,Rhône,11,92395,71200,62628,8572,40157,22471
69,Rhône,12,79778,61018,54746,6272,41747,12999
69,Rhône,13,84769,63392,56944,6448,36176,20768
69,Rhône,14,74323,49321,44134,5187,30402,13732
70,Haute-Saône,1,88478,70298,61065,9233,32696,28369
70,Haute-Saône,2,90709,71602,61817,9785,30845,30972
71,Saône-et-Loire,1,72857,56022,49154,6868,33207,15947
71,Saône-et-Loire,2,78392,61386,53136,8250,32669,20467
71,Saône-et-Loire,3,82761,64055,55469,8586,33324,22145
71,Saône-et-Loire,4,82290,63560,55377,8183,31207,24170
71,Saône-et-Loire,5,90011,66652,57734,8918,36538,21196
72,Sarthe,1,71779,55729,48371,7358,33008,15363
72,Sarthe,2,81978,61483,53240,8243,34473,18767
72,Sarthe,3,85274,66213,57088,9125,32863,24225
72,Sarthe,4,79637,60793,51947,8846,33092,18855
72,Sarthe,5,86955,66906,58030,8876,36717,21313
73,Savoie,1,86980,67847,59607,8240,38410,21197
73,Savoie,2,75929,56569,49514,7055,31126,18388
73,Savoie,3,72614,56739,49449,7290,30278,19171
73,Savoie,4,74656,56733,50146,6587,35304,14842
74,Haute-Savoie,1,100498,79663,70812,8851,50164,20648
74,Haute-Savoie,2,94995,73831,65571,8260,47681,17890
74,Haute-Savoie,3,82020,63985,56277,7708,35713,20564
74,Haute-Savoie,4,85824,62550,55698,6852,38692,17006
74,Haute-Savoie,5,95810,72159,63467,8692,42949,20518
74,Haute-Savoie,6,78860,58183,51119,7064,33999,17120
75,Paris,1,80749,65081,61031,4050,55424,5607
75,Paris,2,71725,58271,53943,4328,48371,5572
75,Paris,3,68661,53753,50005,3748,44933,5072
75,Paris,4,69696,54626,50565,4061,44667,5898
75,Paris,5,75857,60731,57110,3621,52983,4127
75,Paris,6,76595,59951,55762,4189,51375,4387
75,Paris,7,76035,61502,57686,3816,53151,4535
75,Paris,8,82129,64358,59326,5032,52534,6792
75,Paris,9,68335,53130,48680,4450,42679,6001
75,Paris,10,67298,52294,48146,4148,42179,5967
75,Paris,11,70971,57679,53652,4027,48699,4953
75,Paris,12,73928,59362,54686,4676,48030,6656
75,Paris,13,75334,59321,54422,4899,47424,6998
75,Paris,14,72310,56520,51903,4617,45235,6668
75,Paris,15,76201,57574,53136,4438,47540,5596
75,Paris,16,70313,52462,48616,3846,43959,4657
75,Paris,17,58156,42145,39008,3137,34951,4057
75,Paris,18,67244,52879,49350,3529,45123,4227
76,Seine-Maritime,1,64735,48164,43300,4864,34577,8723
76,Seine-Maritime,2,94780,75067,66557,8510,44124,22433
76,Seine-Maritime,3,69440,50531,44301,6230,30010,14291
76,Seine-Maritime,4,88350,65050,56726,8324,34327,22399
76,Seine-Maritime,5,96251,74505,65516,8989,36980,28536
76,Seine-Maritime,6,109597,85454,75298,10156,37955,37343
76,Seine-Maritime,7,87582,64156,56068,8088,38517,17551
76,Seine-Maritime,8,67637,44642,38574,6068,23333,15241
76,Seine-Maritime,9,93640,74065,64529,9536,34424,30105
76,Seine-Maritime,10,108744,87729,77429,10300,41194,36235
77,Seine-et-Marne,1,70887,50237,44575,5662,30131,14444
77,Seine-et-Marne,2,79678,60058,52929,7129,34023,18906
77,Seine-et-Marne,3,75397,57190,50290,6900,29704,20586
77,Seine-et-Marne,4,87906,66755,58748,8007,29141,29607
77,Seine-et-Marne,5,84790,63685,56370,7315,33041,23329
77,Seine-et-Marne,6,78032,57855,51313,6542,29823,21490
77,Seine-et-Marne,7,85311,63464,56265,7199,35224,21041
77,Seine-et-Marne,8,89123,66480,59780,6700,43844,15936
77,Seine-et-Marne,9,85679,62528,55634,6894,36694,18940
77,Seine-et-Marne,10,79341,57276,51327,5949,38567,12760
77,Seine-et-Marne,11,64796,47403,41752,5651,29570,12182
78,Yvelines,1,83367,64388,57934,6454,46694,11240
78,Yvelines,2,85328,67759,61239,6520,48776,12463
78,Yvelines,3,83216,64546,58227,6319,47260,10967
78,Yvelines,4,78395,61391,55958,5433,46614,9344
78,Yvelines,5,73674,55712,50565,5147,41316,9249
78,Yvelines,6,75749,56356,51055,5301,41179,9876
78,Yvelines,7,80524,60345,54213,6132,40249,13964
78,Yvelines,8,73758,52805,47119,5686,31774,15345
78,Yvelines,9,90858,69312,61519,7793,40839,20680
78,Yvelines,10,88783,70399,62686,7713,46517,16169
78,Yvelines,11,68218,49716,44773,4943,35412,9361
78,Yvelines,12,68951,52915,47511,5404,37031,10480
79,Deux-Sèvres,1,90249,70612,62724,7888,48532,14192
79,Deux-Sèvres,2,97388,77354,68018,9336,46797,21221
79,Deux-Sèvres,3,84750,66836,59124,7712,40498,18626
80,Somme,1,84248,62908,56008,6900,32225,23783
80,Somme,2,75477,57127,51263,5864,36624,14639
80,Somme,3,83814,67188,59022,8166,28524,30498
80,Somme,4,83948,67531,59801,7730,30450,29351
80,Somme,5,81470,63615,56697,6918,25503,31194
81,Tarn,1,83781,66030,57060,8970,37051,20009
81,Tarn,2,106023,82934,71354,11580,46035,25319
81,Tarn,3,101349,79925,69033,10892,42505,26528
82,Tarn-et-Garonne,1,89954,70424,61233,9191,37270,23963
82,Tarn-et-Garonne,2,93375,73383,63921,9462,34718,29203
83,Var,1,74827,51979,46147,5832,26432,19715
83,Var,2,90504,66668,59028,7640,30174,28854
83,Var,3,100800,76349,67283,9066,35846,31437
83,Var,4,106238,79821,70500,9321,34063,36437
83,Var,5,96241,72437,64559,7878,32398,32161
83,Var,6,118266,89930,79709,10221,38274,41435
83,Var,7,103516,75420,66724,8696,35370,31354
83,Var,8,104273,80038,70543,9495,34167,36376
84,Vaucluse,1,72964,52704,46911,5793,29459,17452
84,Vaucluse,2,83252,64620,57427,7193,30831,26596
84,Vaucluse,3,75546,58401,51609,6792,24289,27320
84,Vaucluse,4,88691,69130,61204,7926,30024,31180
84,Vaucluse,5,81854,63344,55927,7417,31362,24565
85,Vendée,1,109554,87431,77899,9532,55825,22074
85,Vendée,2,103484,83033,73333,9700,51104,22229
85,Vendée,3,122117,95730,83011,12719,54915,28096
85,Vendée,4,97825,80321,71615,8706,54679,16936
85,Vendée,5,81445,64762,57091,7671,37391,19700
86,Vienne,1,79611,61725,54279,7446,39875,14404
86,Vienne,2,77555,61037,53903,7134,41807,12096
86,Vienne,3,74076,58462,50786,7676,32416,18370
86,Vienne,4,75735,57042,49999,7043,29614,20385
87,Haute-Vienne,1,85064,65858,56098,9760,40540,15558
87,Haute-Vienne,2,97846,78005,66292,11713,46559,19733
87,Haute-Vienne,3,83399,65154,55791,9363,39319,16472
88,Vosges,1,77046,58885,51982,6903,30498,21484
88,Vosges,2,73262,56245,49364,6881,25312,24052
88,Vosges,3,65631,51615,44886,6729,26547,18339
88,Vosges,4,66593,52508,45738,6770,23719,22019
89,Yonne,1,76992,59718,51498,8220,30901,20597
89,Yonne,2,75740,58340,51072,7268,27641,23431
89,Yonne,3,89159,66844,59020,7824,30397,28623
90,Territoire de Belfort,1,47789,36168,31473,4695,17683,13790
90,Territoire de Belfort,2,47469,35911,31000,4911,18662,12338
91,Essonne,1,71172,49172,43856,5316,32786,11070
91,Essonne,2,90692,68917,60525,8392,36835,23690
91,Essonne,3,95791,73888,65076,8812,43996,21080
91,Essonne,4,96451,75482,67061,8421,48206,18855
91,Essonne,5,68263,53884,48958,4926,41707,7251
91,Essonne,6,81927,61379,55428,5951,43692,11736
91,Essonne,7,74156,53456,47724,5732,34116,13608
91,Essonne,8,76383,56915,50336,6579,35861,14475
91,Essonne,9,79221,58915,52324,6591,37442,14882
91,Essonne,10,61179,43786,38871,4915,28009,10862
92,Hauts-de-Seine,1,62385,43263,38861,4402,31912,6949
92,Hauts-de-Seine,2,67892,52773,48416,4357,42114,6302
92,Hauts-de-Seine,3,81026,62540,57019,5521,49116,7903
92,Hauts-de-Seine,4,76067,56820,51738,5082,43523,8215
92,Hauts-de-Seine,5,70305,54654,50133,4521,43218,6915
92,Hauts-de-Seine,6,74227,59402,54335,5067,46693,7642
92,Hauts-de-Seine,7,86572,67803,62038,5765,52992,9046
92,Hauts-de-Seine,8,68719,54550,49813,4737,42906,6907
92,Hauts-de-Seine,9,64963,50787,46669,4118,41445,5224
92,Hauts-de-Seine,10,80364,61157,55821,5336,48781,7040
92,Hauts-de-Seine,11,69215,52459,47721,4738,40711,7010
92,Hauts-de-Seine,12,92767,71131,64632,6499,53454,11178
92,Hauts-de-Seine,13,89020,69337,62799,6538,54098,8701
93,Seine-Saint-Denis,1,61771,39754,36206,3548,30477,5729
93,Seine-Saint-Denis,2,54064,33676,30607,3069,25273,5334
93,Seine-Saint-Denis,3,72249,53219,48016,5203,37107,10909
93,Seine-Saint-Denis,4,60822,39633,35776,3857,27591,8185
93,Seine-Saint-Denis,5,63732,41210,37090,4120,27911,9179
93,Seine-Saint-Denis,6,52531,34909,31790,3119,26744,5046
93,Seine-Saint-Denis,7,76005,52064,47097,4967,40572,6525
93,Seine-Saint-Denis,8,60068,43325,38751,4574,29033,9718
93,Seine-Saint-Denis,9,70119,48386,43871,4515,36043,7828
93,Seine-Saint-Denis,10,68558,45898,40401,5497,31101,9300
93,Seine-Saint-Denis,11,62538,41291,37046,4245,27883,9163
93,Seine-Saint-Denis,12,64520,44399,39997,4402,28088,11909
94,Val-de-Marne,1,84578,64360,58213,6147,47460,10753
94,Val-de-Marne,2,63326,45903,41455,4448,33269,8186
94,Val-de-Marne,3,72046,52140,46239,5901,32861,13378
94,Val-de-Marne,4,72428,54620,48999,5621,36689,12310
94,Val-de-Marne,5,89368,64793,58576,6217,47656,10920
94,Val-de-Marne,6,81215,62475,57312,5163,49913,7399
94,Val-de-Marne,7,65521,47423,42710,4713,33995,8715
94,Val-de-Marne,8,76703,58817,53217,5600,43307,9910
94,Val-de-Marne,9,53592,37340,33630,3710,26490,7140
94,Val-de-Marne,10,64416,46301,41710,4591,34485,7225
94,Val-de-Marne,11,62393,43959,39757,4202,33020,6737
95,Val-d'Oise,1,81510,61982,54863,7119,35505,19358
95,Val-d'Oise,2,76415,57329,50635,6694,35223,15412
95,Val-d'Oise,3,91560,67872,60660,7212,43667,16993
95,Val-d'Oise,4,76016,55460,49666,5794,37534,12132
95,Val-d'Oise,5,68518,47271,42778,4493,32902,9876
95,Val-d'Oise,6,76337,54653,49346,5307,38546,10800
95,Val-d'Oise,7,69476,49979,44936,5043,33454,11482
95,Val-d'Oise,8,54211,35441,32440,3001,24336,8104
95,Val-d'Oise,9,69891,48337,43234,5103,27894,15340
95,Val-d'Oise,10,66401,47809,42978,4831,32957,10021
2A,Corse-du-Sud,1,50854,32662,28754,3908,14926,13828
2A,Corse-du-Sud,2,57906,37586,32800,4786,16213,16587
2B,Haute-Corse,1,58788,37818,32339,5479,16078,16261
2B,Haute-Corse,2,66085,41416,35908,5508,19602,16306
ZA,Guadeloupe,1,76282,37434,32057,5377,24382,7675
ZA,Guadeloupe,2,86908,42453,36804,5649,27031,9773
ZA,Guadeloupe,3,83570,42005,36265,5740,27521,8744
ZA,Guadeloupe,4,69302,33718,28819,4899,21701,7118
ZB,Martinique,1,79404,41058,35178,5880,26407,8771
ZB,Martinique,2,81685,43085,37375,5710,28772,8603
ZB,Martinique,3,65885,31457,26993,4464,21519,5474
ZB,Martinique,4,83699,40534,34956,5578,27609,7347
ZC,Guyane,1,53498,23844,20422,3422,13048,7374
ZC,Guyane,2,39103,14841,13124,1717,8721,4403
ZD,La Réunion,1,80366,51016,45693,5323,30564,15129
ZD,La Réunion,2,92674,56427,48964,7463,32434,16530
ZD,La Réunion,3,92588,60130,51416,8714,25558,25858
ZD,La Réunion,4,104775,68655,59493,9162,35533,23960
ZD,La Réunion,5,83041,49276,43939,5337,24347,19592
ZD,La Réunion,6,75685,46045,40883,5162,23477,17406
ZD,La Réunion,7,110262,70701,61610,9091,40168,21442
ZM,Mayotte,1,37816,17257,15609,1648,9753,5856
ZM,Mayotte,2,44666,20466,17905,2561,9387,8518
ZN,Nouvelle-Calédonie,1,84940,43327,39004,4323,20733,18271
ZN,Nouvelle-Calédonie,2,104428,56671,52115,4556,27169,24946
ZP,Polynésie française,1,72524,35862,33726,2136,19274,14452
ZP,Polynésie française,2,66656,30090,28374,1716,16637,11737
ZP,Polynésie française,3,64793,29691,27597,2094,16467,11130
ZS,Saint-Pierre-et-Miquelon,1,4963,2779,2318,461,1467,851
ZW,Wallis et Futuna,1,8464,6095,5958,137,4715,1243
ZX,Saint-Martin/Saint-Barthélemy,1,25445,8993,8122,871,5282,2840
ZZ,Français établis hors de France,1,200306,88082,85228,2854,77625,7603
ZZ,Français établis hors de France,2,74873,26193,25040,1153,22361,2679
ZZ,Français établis hors de France,3,120665,62095,60473,1622,57288,3185
ZZ,Français établis hors de France,4,122922,66960,64002,2958,57324,6678
ZZ,Français établis hors de France,5,91349,36521,34654,1867,29422,5232
ZZ,Français établis hors de France,6,127412,67583,63995,3588,54720,9275
ZZ,Français établis hors de France,7,105905,58168,56514,1654,52956,3558
ZZ,Français établis hors de France,8,121386,32072,30948,1124,27805,3143
ZZ,Français établis hors de France,9,107788,44790,42532,2258,38842,3690
ZZ,Français établis hors de France,10,99917,48448,45626,2822,37091,8535
ZZ,Français établis hors de France,11,92707,49042,46747,2295,40910,5837
